1	2,3,0,		496,198,		pedra3
2	1,4,0,		494,238,		pedra2
3	1,30,0,		426,200,		pedra1
4	2,5,0,		494,271,		pedra3
5	4,6,0,		495,300,		pedra2
6	5,7,0,		569,304,		pedra3
7	6,8,0,		556,340,		pedra2
8	7,9,10,		546,375,		pedra3
9	8,11,0,		524,411,		pedra2
10	8,26,0,		485,364,		pedra2
11	9,12,0,		522,450,		pedra1
12	11,13,0,	530,494,		pedratalhada
13	12,14,0,	509,538,		pedra2
14	13,15,0,	423,545,		pedra3
15	14,16,17,	350,547,		pedra2
16	15,18,0,	370,511,		pedra3
17	15,19,0,	276,538,		pedra3
18	16,0,0,		370,470,		pedratalhada
19	17,20,0,	219,516,		pedra2
20	19,21,0,	204,476,		pedra2
21	20,22,0,	196,440,		pedra2
22	21,23,24,	187,404,		pedra1
23	22,25,0,	260,387,		pedra3
24	22,34,0,	186,350,		pedraagua1
25	23,26,27,	314,357,		pedra1
26	10,25,0,	405,354,		pedra1
27	25,28,0,	330,320,		pedra3
28	27,29,0,	343,275,		pedra2
29	28,30,31,	350,240,		pedra2
30	3,29,0,		357,203,		pedra1
31	29,32,0,	284,233,		pedra1
32	31,33,0,	214,229,		pedratalhada
33	32,34,0,	200,275,		pedraagua2
34	24,33,0,	192,314,		pedraagua3